[gd_scene load_steps=9 format=3]

[ext_resource type="Script" path="res://scripts/rubble_pile.gd" id="1_rubble"]
[ext_resource type="Material" path="res://resources/blocker_greybox_material.tres" id="2_mat"]

[sub_resource type="BoxShape3D" id="Shape_rubble"]
size = Vector3(4, 2.8, 1.4)

[sub_resource type="BoxMesh" id="Box_rock1"]
size = Vector3(2.2, 1.6, 1.3)

[sub_resource type="BoxMesh" id="Box_rock2"]
size = Vector3(1.8, 1.3, 1.2)

[sub_resource type="BoxMesh" id="Box_rock3"]
size = Vector3(1.4, 1.1, 1.1)

[sub_resource type="BoxMesh" id="Box_rock4"]
size = Vector3(1, 0.8, 0.9)

[sub_resource type="BoxMesh" id="Box_rock5"]
size = Vector3(0.9, 0.7, 0.8)

[node name="RubblePile" type="StaticBody3D"]
collision_layer = 544
collision_mask = 0
script = ExtResource("1_rubble")

[node name="CollisionShape3D" type="CollisionShape3D" parent="."]
transform = Transform3D(1, 0, 0, 0, 1, 0, 0, 0, 1, 0, 1.4, 0)
shape = SubResource("Shape_rubble")

[node name="Rock1" type="MeshInstance3D" parent="."]
transform = Transform3D(0.965926, 0, 0.258819, 0, 1, 0, -0.258819, 0, 0.965926, -0.9, 0.8, 0)
material_override = ExtResource("2_mat")
mesh = SubResource("Box_rock1")

[node name="Rock2" type="MeshInstance3D" parent="."]
transform = Transform3D(0.939693, 0, -0.34202, 0, 1, 0, 0.34202, 0, 0.939693, 1, 0.65, 0.15)
material_override = ExtResource("2_mat")
mesh = SubResource("Box_rock2")

[node name="Rock3" type="MeshInstance3D" parent="."]
transform = Transform3D(0.766044, 0, 0.642788, 0, 1, 0, -0.642788, 0, 0.766044, 0.1, 1.9, -0.1)
material_override = ExtResource("2_mat")
mesh = SubResource("Box_rock3")

[node name="Rock4" type="MeshInstance3D" parent="."]
transform = Transform3D(0.422618, 0, 0.906308, 0, 1, 0, -0.906308, 0, 0.422618, 1.6, 0.4, -0.3)
material_override = ExtResource("2_mat")
mesh = SubResource("Box_rock4")

[node name="Rock5" type="MeshInstance3D" parent="."]
transform = Transform3D(0.819152, 0, -0.573576, 0, 1, 0, 0.573576, 0, 0.819152, -1.9, 0.4, 0.4)
material_override = ExtResource("2_mat")
mesh = SubResource("Box_rock5")
