[gd_scene load_steps=2 format=3]

[ext_resource type="Script" path="res://scripts/rubble_stone.gd" id="1_stone"]

[node name="RubblePile" type="Node3D"]

[node name="Stone1" type="RigidBody3D" parent="."]
transform = Transform3D(0.965926, 0, 0.258819, 0, 1, 0, -0.258819, 0, 0.965926, -1.2, 0.65, 0)
script = ExtResource("1_stone")
size = Vector3(1.6, 1.3, 1.2)

[node name="Stone2" type="RigidBody3D" parent="."]
transform = Transform3D(0.906308, 0, -0.422618, 0, 1, 0, 0.422618, 0, 0.906308, 0.2, 0.6, 0.1)
script = ExtResource("1_stone")
size = Vector3(1.5, 1.2, 1.3)

[node name="Stone3" type="RigidBody3D" parent="."]
transform = Transform3D(0.766044, 0, 0.642788, 0, 1, 0, -0.642788, 0, 0.766044, 1.4, 0.55, -0.1)
script = ExtResource("1_stone")
size = Vector3(1.4, 1.1, 1.1)
stone_color = Color(0.42, 0.41, 0.47, 1)

[node name="Stone4" type="RigidBody3D" parent="."]
transform = Transform3D(0.573576, 0, 0.819152, 0, 1, 0, -0.819152, 0, 0.573576, -0.6, 1.7, 0)
script = ExtResource("1_stone")
size = Vector3(1.3, 1, 1)
stone_color = Color(0.49, 0.48, 0.54, 1)

[node name="Stone5" type="RigidBody3D" parent="."]
transform = Transform3D(0.766044, 0, -0.642788, 0, 1, 0, 0.642788, 0, 0.766044, 0.8, 1.6, 0)
script = ExtResource("1_stone")
size = Vector3(1.2, 1, 1)

[node name="Stone6" type="RigidBody3D" parent="."]
transform = Transform3D(0.984808, 0, 0.173648, 0, 1, 0, -0.173648, 0, 0.984808, 1.9, 0.45, 0.4)
script = ExtResource("1_stone")
size = Vector3(0.9, 0.8, 0.8)
stone_color = Color(0.4, 0.39, 0.45, 1)
